-15 -2.00717 193.444 3.68215e-13 
-15 -2.00717 193.446 1.42992e-12 
-15 -2.00717 193.447 5.40125e-12 
-15 -2.00717 193.448 1.98451e-11 
-15 -2.00717 193.45 7.09232e-11 
-15 -2.00717 193.451 2.46546e-10 
-15 -2.00717 193.452 8.3365e-10 
-15 -2.00717 193.454 2.74186e-09 
-15 -2.00717 193.455 8.77164e-09 
-15 -2.00717 193.456 2.72956e-08 
-15 -2.00717 193.457 8.26188e-08 
-15 -2.00717 193.459 2.43243e-07 
-15 -2.00717 193.46 6.96592e-07 
-15 -2.00717 193.461 1.9404e-06 
-15 -2.00717 193.463 5.2575e-06 
-15 -2.00717 193.464 1.38561e-05 
-15 -2.00717 193.465 3.55207e-05 
-15 -2.00717 193.467 8.85717e-05 
-15 -2.00717 193.468 0.000214825 
-15 -2.00717 193.469 0.000506815 
-15 -2.00717 193.471 0.00116303 
-15 -2.00717 193.472 0.002596 
-15 -2.00717 193.473 0.00563632 
-15 -2.00717 193.474 0.0119031 
-15 -2.00717 193.476 0.0244513 
-15 -2.00717 193.477 0.0488562 
-15 -2.00717 193.478 0.0949536 
-15 -2.00717 193.48 0.179506 
-15 -2.00717 193.481 0.330082 
-15 -2.00717 193.482 0.590391 
-15 -2.00717 193.484 1.02715 
-15 -2.00717 193.485 1.73821 
-15 -2.00717 193.486 2.86118 
-15 -2.00717 193.487 4.58105 
-15 -2.00717 193.489 7.13444 
-15 -2.00717 193.49 10.8076 
-15 -2.00717 193.491 15.9248 
-15 -2.00717 193.493 22.8242 
-15 -2.00717 193.494 31.8194 
-15 -2.00717 193.495 43.1482 
-15 -2.00717 193.497 56.9128 
-15 -2.00717 193.498 73.0183 
-15 -2.00717 193.499 91.1232 
-15 -2.00717 193.501 110.612 
-15 -2.00717 193.502 130.602 
-15 -2.00717 193.503 149.994 
-15 -2.00717 193.504 167.561 
-15 -2.00717 193.506 182.073 
-15 -2.00717 193.507 192.44 
-15 -2.00717 193.508 197.843 
-15 -2.00717 193.51 197.843 
-15 -2.00717 193.511 192.44 
-15 -2.00717 193.512 182.073 
-15 -2.00717 193.514 167.561 
-15 -2.00717 193.515 149.994 
-15 -2.00717 193.516 130.602 
-15 -2.00717 193.517 110.612 
-15 -2.00717 193.519 91.1232 
-15 -2.00717 193.52 73.0183 
-15 -2.00717 193.521 56.9128 
-15 -2.00717 193.523 43.1482 
-15 -2.00717 193.524 31.8194 
-15 -2.00717 193.525 22.8242 
-15 -2.00717 193.527 15.9248 
-15 -2.00717 193.528 10.8076 
-15 -2.00717 193.529 7.13444 
-15 -2.00717 193.531 4.58105 
-15 -2.00717 193.532 2.86118 
-15 -2.00717 193.533 1.73821 
-15 -2.00717 193.534 1.02715 
-15 -2.00717 193.536 0.590391 
-15 -2.00717 193.537 0.330082 
-15 -2.00717 193.538 0.179506 
-15 -2.00717 193.54 0.0949536 
-15 -2.00717 193.541 0.0488562 
-15 -2.00717 193.542 0.0244513 
-15 -2.00717 193.544 0.0119031 
-15 -2.00717 193.545 0.00563632 
-15 -2.00717 193.546 0.002596 
-15 -2.00717 193.547 0.00116303 
-15 -2.00717 193.549 0.000506815 
-15 -2.00717 193.55 0.000214825 
-15 -2.00717 193.551 8.85717e-05 
-15 -2.00717 193.553 3.55207e-05 
-15 -2.00717 193.554 1.38561e-05 
-15 -2.00717 193.555 5.2575e-06 
-15 -2.00717 193.557 1.9404e-06 
-15 -2.00717 193.558 6.96592e-07 
-15 -2.00717 193.559 2.43243e-07 
-15 -2.00717 193.561 8.26188e-08 
-15 -2.00717 193.562 2.72956e-08 
-15 -2.00717 193.563 8.77164e-09 
-15 -2.00717 193.564 2.74186e-09 
-15 -2.00717 193.566 8.3365e-10 
-15 -2.00717 193.567 2.46546e-10 
-15 -2.00717 193.568 7.09232e-11 
-15 -2.00717 193.57 1.98451e-11 
-15 -2.00717 193.571 5.40125e-12 
-15 -2.00717 193.572 1.42992e-12 
-15 -2.00717 193.574 3.68215e-13 
